4929-3813-3266-4295
5525 4800 0055 9350
5525 4800 0055 9459
5525 4800 0055 9749
5525 4800 0055 9764

5525 4800 0056 0010

5525 4800 0056 0085

5525 4800 0056 0184

5525 4800 0056 0192

5525 4800 0056 0366

5525 4800 0056 0424

5525 4800 0056 0457

5525 4800 0056 0481

5525 4800 0056 0499

5525 4800 0056 0523

5525 4800 0056 0564

5525 4800 0056 0630

5525 4800 0056 0655

5525 4800 0056 0689

5525 4800 0056 0739

5525 4800 0056 0788

5525 4800 0056 0887

Robert Aragon	489-36-8350	
Ashley Borden	514-14-8905	
Thomas Conley	690-05-5315	

5525 4800 0056 0952

5525 4800 0056 1042

5525 4800 0056 1166

5525 4800 0056 1356

5525 4800 0056 1521

5525 4800 0056 1638

5525 4800 0056 1679

5525 4800 0056 1729

5525 4800 0056 1737

5525 4800 0056 1943

5525 4800 0056 2016

5525 4800 0056 2024

5525 4800 0056 2057

5525 4800 0056 2081

5525 4800 0056 2156

5525 4800 0056 2214

5525 4800 0056 2271

5525 4800 0056 2388

5525 4800 0056 2495

5525 4800 0056 2545

5525 4800 0056 2602

5525 4800 0056 2628

5525 4800 0056 2677

5525 4800 0056 2693

5525 4800 0056 2735

5525 4800 0056 2776

5525 4800 0056 2974

5525 4800 0056 2982

5525 4800 0056 3006

5525 4800 0056 3253

5525 4800 0056 3352

5525 4800 0056 3394

5525 4800 0056 3402

5525 4800 0056 3477

5525 4800 0056 3493

5525 4800 0056 3501

5525 4800 0056 3535

5525 4800 0056 3584

5525 4800 0056 3675

5525 4800 0056 3733

5525 4800 0056 3907

5525 4800 0056 3998

5525 4800 0056 4004

5525 4800 0056 4095

5525 4800 0056 4129

5525 4800 0056 4178

5525 4800 0056 4293

5525 4800 0056 4343

5525 4800 0056 4368

5525 4800 0056 4384

5525 4800 0056 4400

5525 4800 0056 4459

5525 4800 0056 4491

5525 4800 0056 4616

5525 4800 0056 4624

5525 4800 0056 4640

5525 4800 0056 4772

5525 4800 0056 4889

5525 4800 0056 4905

5525 4800 0056 4913

5525 4800 0056 4921

5525 4800 0056 4954

5525 4800 0056 5001

5525 4800 0056 5159

5525 4800 0056 5191

5525 4800 0056 5209

5525 4800 0056 5266

5525 4800 0056 5332

5525 4800 0056 5407

5525 4800 0056 5415

5525 4800 0056 5423

5525 4800 0056 5464

5525 4800 0056 5514

5525 4800 0056 5613

5525 4800 0056 5647

5525 4800 0056 5688

5525 4800 0056 5860

5525 4800 0056 5936

5525 4800 0056 5951

5525 4800 0056 6025

5525 4800 0056 6074

5525 4800 0056 6157

5525 4800 0056 6173

5525 4800 0056 6199

5525 4800 0056 6249

5525 4800 0056 6272

5525 4800 0056 6280

5525 4800 0056 6314

5525 4800 0056 6355

5525 4800 0056 6447

5525 4800 0056 6496

5525 4800 0056 6504

5525 4800 0056 6538

5525 4800 0056 6553

5525 4800 0056 6587

5525 4800 0056 6611

5525 4800 0056 6637

5525 4800 0056 6645

5525 4800 0056 6736

5525 4800 0056 6744

5525 4800 0056 6876

5525 4800 0056 6892

5525 4800 0056 6983

5525 4800 0056 7031

5525 4800 0056 7197

5525 4800 0056 7221

5525 4800 0056 7247

5525 4800 0056 7262

5525 4800 0056 7312

5525 4800 0056 7346

5525 4800 0056 7353

5525 4800 0056 7395

5525 4800 0056 7452

5525 4800 0056 7460

5525 4800 0056 7486

5525 4800 0056 7536

5525 4800 0056 7569

5525 4800 0056 7668

5525 4800 0056 7718

5525 4800 0056 7742

5525 4800 0056 7759

5525 4800 0056 7817

5525 4800 0056 7866

5525 4800 0056 7874

5525 4800 0056 7957

5525 4800 0056 7981

5525 4800 0056 8013

5525 4800 0056 8203

5525 4800 0056 8245

5525 4800 0056 8252

5525 4800 0056 8260

5525 4800 0056 8294

5525 4800 0056 8310

5525 4800 0056 8328

5525 4800 0056 8344

5525 4800 0056 8369

5525 4800 0056 8377

5525 4800 0056 8385

5525 4800 0056 8419

5525 4800 0056 8427

5525 4800 0056 8443

5525 4800 0056 8468

5525 4800 0056 8492

5525 4800 0056 8500

5525 4800 0056 8518

5525 4800 0056 8534

5525 4800 0056 8542

5525 4800 0056 8567

5525 4800 0056 8575

5525 4800 0056 8591

5525 4800 0056 8609

5525 4800 0056 8617

5525 4800 0056 8633

5525 4800 0056 8682

5525 4800 0056 8690

5525 4800 0056 8708

5525 4800 0056 8716

5525 4800 0056 8724

5525 4800 0056 8781

5525 4800 0056 8799

5525 4800 0056 8807

5525 4800 0056 8815

5525 4800 0056 8831

5525 4800 0056 8856

5525 4800 0056 8872

5525 4800 0056 8898

5525 4800 0056 8930

5525 4800 0056 8963

5525 4800 0056 8971

5525 4800 0056 8989

5525 4800 0057 4334

5525 4800 0057 4367

5525 4800 0061 8636

5525 4800 0061 8644

5525 4800 0062 4451

5525 4800 0062 6183

5525 4800 0063 6463

5525 4800 0063 6471

5525 4800 0063 6596

5525 4800 0063 6638

5525 4800 0063 6695

5525 4800 0064 6983

5525 4800 0064 9938

5525 4800 0064 9961

5525 4800 0064 9979

5525 4800 0064 9987

5525 4800 0065 1447

5525 4800 0085 5642

5525 4800 0085 9032

5525 4800 0085 9263

5525 4800 0085 9321

5525 4800 0085 9438

5525 4800 0086 7274

5525 4800 0088 9377

5525 4800 0089 0805

5525 4800 0089 0854

5525 4800 0089 0870

5525 4800 0089 0904

5525 4800 0089 0946

5525 4800 0089 0979

5525 4800 0089 1068

5525 4800 0090 0257

5525 4800 0090 6528

5525 4800 0090 6536

5525 4800 0090 6619

5525 4800 0090 6627

5525 4800 0090 6635

5525 4800 0091 3805

5525 4800 0091 3813

5525 4800 0091 3821

5525 4800 0091 3847

5525 4800 0091 7202

5525 4800 0092 8290

5525 4800 0094 4610

5525 4800 0094 4966

5525 4800 0094 7027

5525 4800 0095 0104

5525 4800 0095 4940

5525 4800 0095 6358

5525 4800 0095 8198

5525 4800 0095 8289

5525 4800 0095 8529

5525 4800 0096 0012

5525 4800 0096 0889

5525 4800 0096 0905

5525 4800 0096 4535

5525 4800 0096 8965

5525 4800 0097 0045

5525 4800 0099 6198

5525 4800 0100 7524

5525 4800 0100 8126

5525 4800 0100 8787

5525 4800 0100 9884

5525 4800 0100 9900

5525 4800 0103 1862

5525 4800 0103 8586

5525 4800 0104 3529

5525 4800 0104 3875

5525 4800 0105 1167

5525 4800 0105 1837

5525 4800 0105 5432

5525 4800 0105 7024

5525 4800 0105 8816

5525 4800 0106 7270

5525 4800 0106 9110

5525 4800 0106 9169

5525 4800 0107 0704

5525 4800 0107 3856

5525 4800 0107 8046

5525 4800 0108 2428

5525 4800 0108 3780

5525 4800 0108 3806

5525 4800 0108 5884

5525 4800 0108 6049

5525 4800 0108 6809

5525 4800 0108 6817

5525 4800 0108 8771

5525 4800 0109 0439

5525 4800 0109 1296

5525 4800 0109 3060

5525 4800 0109 3169

5525 4800 0109 3714

5525 4800 0109 4506

5525 4800 0109 4514

5525 4800 0109 4522

5525 4800 0109 4563

5525 4800 0109 4571

5525 4800 0109 4589

5525 4800 0109 4597

5525 4800 0109 4696

5525 4800 0109 6592

5525 4800 0109 6600

5525 4800 0109 6618

5525 4800 0109 6972

5525 4800 0109 7442

5525 4800 0110 0634

5525 4800 0110 0725

5525 4800 0110 0766

5525 4800 0110 2200

5525 4800 0110 5203

5525 4800 0110 5260

5525 4800 0110 8066

5525 4800 0111 0310

5525 4800 0111 2274

5525 4800 0111 2738

5525 4800 0111 3934

5525 4800 0111 4189

5525 4800 0111 4551

5525 4800 0111 4569

5525 4800 0112 3354

5525 4800 0112 3362

5525 4800 0112 6175

5525 4800 0112 6183

5525 4800 0112 6415

5525 4800 0112 6969

5525 4800 0112 7157

5525 4800 0112 7736

5525 4800 0112 7777

5525 4800 0112 8205

5525 4800 0112 8486

5525 4800 0112 8528

5525 4800 0112 8833

5525 4800 0113 1159

5525 4800 0113 1340

5525 4800 0113 1704

5525 4800 0113 2702

5525 4800 0113 2785

5525 4800 0113 2793

5525 4800 0113 2835

5525 4800 0113 2884

5525 4800 0113 3783

5525 4800 0113 3791

5525 4800 0113 4567

5525 4800 0113 5481

5525 4800 0113 6174

5525 4800 0113 6968

5525 4800 0113 7388

5525 4800 0113 7396

5525 4800 0113 7412

5525 4800 0113 7453

5525 4800 0113 8014

5525 4800 0113 9814

5525 4800 0114 0218

5525 4800 0114 0234

5525 4800 0114 0242

5525 4800 0114 0267

5525 4800 0114 0523

5525 4800 0114 6157

5525 4800 0114 6215

5525 4800 0114 6405

5525 4800 0114 6587

5525 4800 0114 7148

5525 4800 0114 8419

5525 4800 0114 9730

5525 4800 0114 9821

5525 4800 0114 9839

5525 4800 0115 0399

5525 4800 0115 0514

5525 4800 0115 1082

5525 4800 0115 1090

5525 4800 0115 3849

5525 4800 0115 4177

5525 4800 0115 4763

5525 4800 0115 4771

5525 4800 0115 5307

5525 4800 0115 5315

5525 4800 0115 5703

5525 4800 0115 5893

5525 4800 0115 5984

5525 4800 0115 7808

5525 4800 0115 7980

5525 4800 0115 8913

5525 4800 0115 9739

5525 4800 0115 9861

5525 4800 0116 1404

5525 4800 0116 1636

5525 4800 0116 1941

5525 4800 0116 2238

5525 4800 0116 2600

5525 4800 0116 5017

5525 4800 0116 6767

5525 4800 0116 7302

5525 4800 0116 7344

5525 4800 0116 7534

5525 4800 0116 9811

5525 4800 0117 0512

5525 4800 0117 0785

5525 4800 0117 1486

5525 4800 0117 1684

5525 4800 0117 1700

5525 4800 0117 2575

5525 4800 0117 3060

5525 4800 0117 3276

5525 4800 0117 3466

5525 4800 0117 3607

5525 4800 0117 3839

5525 4800 0117 3847

5525 4800 0117 5792

5525 4800 0117 6220

5525 4800 0117 8408

5525 4800 0118 2939

5525 4800 0118 3341

5525 4800 0119 2185

5525 4800 0119 3357

5525 4800 0119 3571

5525 4800 0119 4538

5525 4800 0119 6228

5525 4800 0119 9560

5525 4800 0120 0236

5525 4800 0120 0244

5525 4800 0120 0376

5525 4800 0120 1515

5525 4800 0120 2646

5525 4800 0120 4055

5525 4800 0120 6878

5525 4800 0120 7017

5525 4800 0120 7355

5525 4800 0121 0425

5525 4800 0121 1142

5525 4800 0121 1183

5525 4800 0121 1191

5525 4800 0121 4047

5525 4800 0121 7594

5525 4800 0121 8451

5525 4800 0121 9152

5525 4800 0122 0283

5525 4800 0122 1703

5525 4800 0122 4814

5525 4800 0122 4871

5525 4800 0122 4897

5525 4800 0122 4905

5525 4800 0122 4921

5525 4800 0122 4939

5525 4800 0122 4954

5525 4800 0122 4988

5525 4800 0122 4996

5525 4800 0122 5001

5525 4800 0122 5027

5525 4800 0122 5100

5525 4800 0122 5118

5525 4800 0122 5126

5525 4800 0122 5167

5525 4800 0122 5175

5525 4800 0122 5183

5525 4800 0122 5209

5525 4800 0122 5217

5525 4800 0122 5233

5525 4800 0122 5241

5525 4800 0122 5258

5525 4800 0122 5282

5525 4800 0122 5290

5525 4800 0122 5340

5525 4800 0122 5357

5525 4800 0123 4078

5525 4800 0123 4151

5525 4800 0123 6081

5525 4800 0123 8285

5525 4800 0123 8301

5525 4800 0123 8327

5525 4800 0123 8335

5525 4800 0123 8343

5525 4800 0123 8350

5525 4800 0123 8392

5525 4800 0123 8400

5525 4800 0123 8426

5525 4800 0123 8434

5525 4800 0123 8459

5525 4800 0123 8467

5525 4800 0123 8491

5525 4800 0123 8509

5525 4800 0123 8517

5525 4800 0123 9333

5525 4800 0124 0992

5525 4800 0124 1149

5525 4800 0124 1156

5525 4800 0124 1198

5525 4800 0124 1537

5525 4800 0124 2089

5525 4800 0124 2154

5525 4800 0124 2170

5525 4800 0124 3293

5525 4800 0124 4150

5525 4800 0124 4168

5525 4800 0124 4606

5525 4800 0124 5496
